0 0 0 0 -nan 0 0 0 0
0 0.25 0.78815 0.10634 0.187396 0.782283 0.78815 0.0853137 0.202066
0 0.5 0.78815 0.10634 0.187396 0.786658 0.78815 0.0927734 0.191023
0 0.75 0.78815 0.10634 0.187396 0.787334 0.78815 0.0966756 0.186241
0 1 0.78815 0.10634 0.187396 0.787657 0.78815 0.0991701 0.182847
0.25 0 0.0302864 1 0.0587923 0.0175247 0.0380567 0.990371 1
0.25 0.25 0.588227 0.548935 0.567902 0.392788 0.660407 0.451013 0.721275
0.25 0.5 0.779795 0.249475 0.378014 0.771525 0.780907 0.212896 0.27154
0.25 0.75 0.786405 0.211398 0.333221 0.784662 0.786956 0.1681 0.218372
0.25 1 0.787684 0.194384 0.311817 0.786294 0.787917 0.145528 0.206959
0.5 0 0.0302864 1 0.0587923 0.0175301 0.0325882 0.998333 1
0.5 0.25 0.03538 0.999362 0.0683406 0.0209849 0.0477488 0.991753 0.999704
0.5 0.5 0.588227 0.548935 0.567902 0.503994 0.631386 0.499101 0.623908
0.5 0.75 0.755586 0.32138 0.450952 0.74889 0.761313 0.300217 0.331536
0.5 1 0.779795 0.249475 0.378014 0.775328 0.780277 0.237191 0.262967
0.75 0 0.0302864 1 0.0587923 0.0175319 0.0312101 0.999435 1
0.75 0.25 0.0336061 0.999704 0.0650263 0.0203533 0.0357247 0.998399 0.999724
0.75 0.5 0.0638376 0.989503 0.119938 0.0444908 0.0732521 0.982652 0.992964
0.75 0.75 0.588227 0.548935 0.567902 0.535035 0.618843 0.515409 0.596228
0.75 1 0.731569 0.367547 0.489277 0.720588 0.740014 0.348828 0.383392
1 0 0.0302864 1 0.0587923 0.0175319 0.0310118 0.999671 1
1 0.25 0.0302864 1 0.0587923 0.0175319 0.0315725 0.999463 1
1 0.5 0.03538 0.999362 0.0683406 0.0238349 0.0435356 0.996325 0.999409
1 0.75 0.0867086 0.977697 0.15929 0.068841 0.0931684 0.9724 0.982451
1 1 0.588227 0.548935 0.567902 0.552917 0.610124 0.525336 0.579948
