0 0 0 0 -nan 0 0 0 0
0 0.166667 0.78815 0.10634 0.187396 0.775573 0.78815 0.0812547 0.21985
0 0.333333 0.78815 0.10634 0.187396 0.784582 0.78815 0.0895638 0.193788
0 0.5 0.78815 0.10634 0.187396 0.786658 0.78815 0.0927734 0.191023
0 0.666667 0.78815 0.10634 0.187396 0.78721 0.78815 0.0941881 0.188666
0 0.833333 0.78815 0.10634 0.187396 0.787514 0.78815 0.0979816 0.185334
0 1 0.78815 0.10634 0.187396 0.787657 0.78815 0.0991701 0.182847
0.166667 0 0.0302864 1 0.0587923 0.0175247 0.0445288 0.976285 1
0.166667 0.166667 0.588227 0.548935 0.567902 0.30165 0.673301 0.413026 0.796879
0.166667 0.333333 0.779795 0.249475 0.378014 0.765601 0.782424 0.188389 0.285453
0.166667 0.5 0.786405 0.211398 0.333221 0.783347 0.786983 0.150459 0.221724
0.166667 0.666667 0.787684 0.194384 0.311817 0.785676 0.787955 0.130316 0.207895
0.166667 0.833333 0.787858 0.191119 0.307616 0.786836 0.788092 0.121405 0.197475
0.166667 1 0.788032 0.185699 0.30057 0.787217 0.788135 0.115533 0.193552
0.333333 0 0.0302864 1 0.0587923 0.0175265 0.0349462 0.995202 1
0.333333 0.166667 0.03538 0.999362 0.0683406 0.0202199 0.0578186 0.983187 0.999724
0.333333 0.333333 0.588227 0.548935 0.567902 0.447402 0.64663 0.474843 0.67426
0.333333 0.5 0.755586 0.32138 0.450952 0.747366 0.76324 0.287647 0.33278
0.333333 0.666667 0.779795 0.249475 0.378014 0.774264 0.780802 0.226315 0.264175
0.333333 0.833333 0.785103 0.221121 0.345058 0.781479 0.785868 0.192294 0.236847
0.333333 1 0.786405 0.211398 0.333221 0.785193 0.786703 0.179158 0.216066
0.5 0 0.0302864 1 0.0587923 0.0175301 0.0325882 0.998333 1
0.5 0.166667 0.0336061 0.999704 0.0650263 0.0175265 0.0385572 0.995848 1
0.5 0.333333 0.0638376 0.989503 0.119938 0.0390411 0.080865 0.975559 0.994689
0.5 0.5 0.588227 0.548935 0.567902 0.503994 0.631386 0.499101 0.623908
0.5 0.666667 0.731569 0.367547 0.489277 0.715313 0.742399 0.340105 0.391198
0.5 0.833333 0.765559 0.296384 0.427329 0.758941 0.770043 0.274645 0.310003
0.5 1 0.779795 0.249475 0.378014 0.775328 0.780277 0.237191 0.262967
0.666667 0 0.0302864 1 0.0587923 0.0175319 0.0314448 0.999334 1
0.666667 0.166667 0.0302864 1 0.0587923 0.0175301 0.0325844 0.998483 1
0.666667 0.333333 0.03538 0.999362 0.0683406 0.0216666 0.0451419 0.994546 0.999704
0.666667 0.5 0.0867086 0.977697 0.15929 0.0632614 0.0987104 0.967221 0.984597
0.666667 0.666667 0.588227 0.548935 0.567902 0.526452 0.622262 0.510856 0.603826
0.666667 0.833333 0.712103 0.400693 0.512825 0.69656 0.714716 0.392564 0.420567
0.666667 1 0.755586 0.32138 0.450952 0.750306 0.760213 0.30608 0.329659
0.833333 0 0.0302864 1 0.0587923 0.0175319 0.0310911 0.999574 1
0.833333 0.166667 0.0302864 1 0.0587923 0.0175319 0.0317759 0.999315 1
0.833333 0.333333 0.0339876 0.999657 0.06574 0.0209309 0.0360503 0.998281 0.999724
0.833333 0.5 0.0502437 0.995139 0.0956577 0.0376619 0.0571522 0.990643 0.995581
0.833333 0.666667 0.111269 0.962773 0.199483 0.0878453 0.124986 0.951466 0.971546
0.833333 0.833333 0.588227 0.548935 0.567902 0.547133 0.617528 0.517041 0.584834
0.833333 1 0.695295 0.425717 0.528092 0.682086 0.707948 0.40475 0.440989
1 0 0.0302864 1 0.0587923 0.0175319 0.0310118 0.999671 1
1 0.166667 0.0302864 1 0.0587923 0.0175319 0.0312654 0.999571 1
1 0.333333 0.0336061 0.999704 0.0650263 0.0207637 0.0349772 0.998973 0.999724
1 0.5 0.03538 0.999362 0.0683406 0.0238349 0.0435356 0.996325 0.999409
1 0.666667 0.0638376 0.989503 0.119938 0.0464486 0.0696252 0.98539 0.992671
1 0.833333 0.139529 0.943662 0.243111 0.107082 0.15986 0.927666 0.960188
1 1 0.588227 0.548935 0.567902 0.552917 0.610124 0.525336 0.579948
