0 0 0 0 -nan 0 0 0 0
0 0.111111 0.78815 0.10634 0.187396 0.758974 0.78815 0.073428 0.251904
0 0.222222 0.78815 0.10634 0.187396 0.781209 0.78815 0.0846729 0.203583
0 0.333333 0.78815 0.10634 0.187396 0.784582 0.78815 0.0895638 0.193788
0 0.444444 0.78815 0.10634 0.187396 0.786136 0.78815 0.0918575 0.191023
0 0.555556 0.78815 0.10634 0.187396 0.786781 0.78815 0.0932398 0.191023
0 0.666667 0.78815 0.10634 0.187396 0.78721 0.78815 0.0941881 0.188666
0 0.777778 0.78815 0.10634 0.187396 0.78739 0.78815 0.0970488 0.186241
0 0.888889 0.78815 0.10634 0.187396 0.787572 0.78815 0.0990791 0.185023
0 1 0.78815 0.10634 0.187396 0.787657 0.78815 0.0991701 0.182847
0.111111 0 0.0302864 1 0.0587923 0.0175225 0.0616613 0.942763 1
0.111111 0.111111 0.588227 0.548935 0.567902 0.20026 0.694886 0.356623 0.873661
0.111111 0.222222 0.779795 0.249475 0.378014 0.753899 0.785198 0.154569 0.308596
0.111111 0.333333 0.786405 0.211398 0.333221 0.779963 0.787606 0.126956 0.230895
0.111111 0.444444 0.787684 0.194384 0.311817 0.783659 0.787983 0.115792 0.217718
0.111111 0.555556 0.787858 0.191119 0.307616 0.785829 0.788135 0.107587 0.202142
0.111111 0.666667 0.788032 0.185699 0.30057 0.786685 0.788135 0.106651 0.194132
0.111111 0.777778 0.788045 0.185166 0.299872 0.787035 0.78815 0.10364 0.193899
0.111111 0.888889 0.788117 0.181062 0.294472 0.787293 0.78815 0.102618 0.18951
0.111111 1 0.788131 0.180129 0.293238 0.787467 0.78815 0.102341 0.188888
0.222222 0 0.0302864 1 0.0587923 0.0175247 0.0396564 0.988374 1
0.222222 0.111111 0.03538 0.999362 0.0683406 0.0198681 0.0708108 0.965226 0.999724
0.222222 0.222222 0.588227 0.548935 0.567902 0.364488 0.664446 0.440092 0.745249
0.222222 0.333333 0.755586 0.32138 0.450952 0.739334 0.766893 0.261624 0.343881
0.222222 0.444444 0.779795 0.249475 0.378014 0.770655 0.782236 0.202812 0.273245
0.222222 0.555556 0.785103 0.221121 0.345058 0.779488 0.786542 0.173212 0.243813
0.222222 0.666667 0.786405 0.211398 0.333221 0.78414 0.786956 0.164085 0.219844
0.222222 0.777778 0.786619 0.209257 0.330575 0.785292 0.787579 0.148619 0.21487
0.222222 0.888889 0.787684 0.194384 0.311817 0.786165 0.787936 0.139457 0.207192
0.222222 1 0.787858 0.191119 0.307616 0.78684 0.787955 0.136708 0.198719
0.333333 0 0.0302864 1 0.0587923 0.0175265 0.0349462 0.995202 1
0.333333 0.111111 0.0336061 0.999704 0.0650263 0.0175247 0.0430323 0.990063 1
0.333333 0.222222 0.0638376 0.989503 0.119938 0.0352251 0.0900643 0.964855 0.995779
0.333333 0.333333 0.588227 0.548935 0.567902 0.447402 0.64663 0.474843 0.67426
0.333333 0.444444 0.731569 0.367547 0.489277 0.704099 0.748457 0.321491 0.406608
0.333333 0.555556 0.765559 0.296384 0.427329 0.755515 0.771373 0.26271 0.31659
0.333333 0.666667 0.779795 0.249475 0.378014 0.774264 0.780802 0.226315 0.264175
0.333333 0.777778 0.781817 0.239813 0.367041 0.779734 0.785252 0.197486 0.244641
0.333333 0.888889 0.785814 0.216146 0.339037 0.78385 0.78647 0.184447 0.224339
0.333333 1 0.786405 0.211398 0.333221 0.785193 0.786703 0.179158 0.216066
0.444444 0 0.0302864 1 0.0587923 0.0175283 0.0328785 0.997818 1
0.444444 0.111111 0.0302864 1 0.0587923 0.0175265 0.0351465 0.996007 1
0.444444 0.222222 0.03538 0.999362 0.0683406 0.0205829 0.0494994 0.98985 0.999724
0.444444 0.333333 0.0867086 0.977697 0.15929 0.05726 0.114931 0.95312 0.986937
0.444444 0.444444 0.588227 0.548935 0.567902 0.487307 0.635674 0.49253 0.639058
0.444444 0.555556 0.712103 0.400693 0.512825 0.689598 0.718941 0.380387 0.428529
0.444444 0.666667 0.755586 0.32138 0.450952 0.748657 0.76158 0.297324 0.3316
0.444444 0.777778 0.769056 0.286201 0.417158 0.763271 0.774103 0.259174 0.298806
0.444444 0.888889 0.779795 0.249475 0.378014 0.775113 0.780277 0.235189 0.263306
0.444444 1 0.781715 0.240346 0.367653 0.779404 0.782681 0.221215 0.247339
0.555556 0 0.0302864 1 0.0587923 0.0175301 0.0322145 0.998863 1
0.555556 0.111111 0.0302864 1 0.0587923 0.0175283 0.0330463 0.997902 1
0.555556 0.222222 0.0339876 0.999657 0.06574 0.0203521 0.040448 0.995499 0.999724
0.555556 0.333333 0.0502437 0.995139 0.0956577 0.035324 0.0605397 0.986977 0.996005
0.555556 0.444444 0.111269 0.962773 0.199483 0.0838675 0.130816 0.944064 0.972837
0.555556 0.555556 0.588227 0.548935 0.567902 0.513853 0.627153 0.504513 0.615207
0.555556 0.666667 0.695295 0.425717 0.528092 0.673824 0.711022 0.397068 0.450847
0.555556 0.777778 0.750277 0.332444 0.460738 0.736359 0.755193 0.316371 0.355172
0.555556 0.888889 0.761384 0.30757 0.438146 0.755939 0.764908 0.291252 0.31723
0.555556 1 0.771686 0.277905 0.408646 0.766934 0.77705 0.252247 0.289511
0.666667 0 0.0302864 1 0.0587923 0.0175319 0.0314448 0.999334 1
0.666667 0.111111 0.0302864 1 0.0587923 0.0175301 0.0323534 0.998856 1
0.666667 0.222222 0.0336061 0.999704 0.0650263 0.0202253 0.0361351 0.997598 0.999724
0.666667 0.333333 0.03538 0.999362 0.0683406 0.0216666 0.0451419 0.994546 0.999704
0.666667 0.444444 0.0638376 0.989503 0.119938 0.0441301 0.074639 0.981471 0.992964
0.666667 0.555556 0.139529 0.943662 0.243111 0.0960335 0.165097 0.921901 0.966369
0.666667 0.666667 0.588227 0.548935 0.567902 0.526452 0.622262 0.510856 0.603826
0.666667 0.777778 0.682117 0.444327 0.538123 0.668864 0.69256 0.425862 0.457643
0.666667 0.888889 0.731569 0.367547 0.489277 0.71857 0.7413 0.345696 0.38657
0.666667 1 0.755586 0.32138 0.450952 0.750306 0.760213 0.30608 0.329659
0.777778 0 0.0302864 1 0.0587923 0.0175319 0.0311545 0.999499 1
0.777778 0.111111 0.0302864 1 0.0587923 0.0175319 0.0314897 0.999381 1
0.777778 0.222222 0.0305792 0.99998 0.0593437 0.0175319 0.0354046 0.998563 1
0.777778 0.333333 0.0339876 0.999657 0.06574 0.0212546 0.0388555 0.997114 0.999704
0.777778 0.444444 0.049107 0.995526 0.0935971 0.034078 0.0561533 0.990921 0.996628
0.777778 0.555556 0.0737188 0.984763 0.137169 0.0572319 0.0822986 0.978042 0.987655
0.777778 0.666667 0.171099 0.921055 0.288589 0.134385 0.188552 0.905153 0.941042
0.777778 0.777778 0.588227 0.548935 0.567902 0.540516 0.617595 0.516875 0.591009
0.777778 0.888889 0.678256 0.449486 0.540668 0.659979 0.686033 0.436352 0.469084
0.777778 1 0.71511 0.395832 0.509592 0.708245 0.723058 0.379233 0.403521
0.888889 0 0.0302864 1 0.0587923 0.0175319 0.0310882 0.999591 1
0.888889 0.111111 0.0302864 1 0.0587923 0.0175319 0.031313 0.999517 1
0.888889 0.222222 0.0302864 1 0.0587923 0.0175319 0.031799 0.999295 1
0.888889 0.333333 0.0339876 0.999657 0.06574 0.0208748 0.035582 0.998556 0.999724
0.888889 0.444444 0.03538 0.999362 0.0683406 0.0235303 0.0438391 0.996108 0.999409
0.888889 0.555556 0.0514616 0.994679 0.0978602 0.0382601 0.0609939 0.989184 0.995581
0.888889 0.666667 0.0867086 0.977697 0.15929 0.0684165 0.0940569 0.971543 0.982451
0.888889 0.777778 0.186762 0.909253 0.309875 0.162105 0.214272 0.885699 0.921584
0.888889 0.888889 0.588227 0.548935 0.567902 0.548178 0.610466 0.52454 0.584092
0.888889 1 0.671212 0.458494 0.544826 0.659437 0.681816 0.442997 0.469707
1 0 0.0302864 1 0.0587923 0.0175319 0.0310118 0.999671 1
1 0.111111 0.0302864 1 0.0587923 0.0175319 0.0310873 0.999602 1
1 0.222222 0.0302864 1 0.0587923 0.0175319 0.0314967 0.999484 1
1 0.333333 0.0336061 0.999704 0.0650263 0.0207637 0.0349772 0.998973 0.999724
1 0.444444 0.0339876 0.999657 0.06574 0.0218209 0.0371065 0.998261 0.999704
1 0.555556 0.0469732 0.996197 0.0897161 0.0345367 0.0526966 0.993424 0.996628
1 0.666667 0.0638376 0.989503 0.119938 0.0464486 0.0696252 0.98539 0.992671
1 0.777778 0.10114 0.969135 0.183165 0.0782404 0.111213 0.961435 0.977426
1 0.888889 0.217572 0.885213 0.349293 0.173298 0.244148 0.862192 0.913862
1 1 0.588227 0.548935 0.567902 0.552917 0.610124 0.525336 0.579948
