0 0 0 0 -nan 0 0 0 0
0 0.333333 0.78815 0.10634 0.187396 0.784582 0.78815 0.0895638 0.193788
0 0.666667 0.78815 0.10634 0.187396 0.78721 0.78815 0.0941881 0.188666
0 1 0.78815 0.10634 0.187396 0.787657 0.78815 0.0991701 0.182847
0.333333 0 0.0302864 1 0.0587923 0.0175265 0.0349462 0.995202 1
0.333333 0.333333 0.588227 0.548935 0.567902 0.447402 0.64663 0.474843 0.67426
0.333333 0.666667 0.779795 0.249475 0.378014 0.774264 0.780802 0.226315 0.264175
0.333333 1 0.786405 0.211398 0.333221 0.785193 0.786703 0.179158 0.216066
0.666667 0 0.0302864 1 0.0587923 0.0175319 0.0314448 0.999334 1
0.666667 0.333333 0.03538 0.999362 0.0683406 0.0216666 0.0451419 0.994546 0.999704
0.666667 0.666667 0.588227 0.548935 0.567902 0.526452 0.622262 0.510856 0.603826
0.666667 1 0.755586 0.32138 0.450952 0.750306 0.760213 0.30608 0.329659
1 0 0.0302864 1 0.0587923 0.0175319 0.0310118 0.999671 1
1 0.333333 0.0336061 0.999704 0.0650263 0.0207637 0.0349772 0.998973 0.999724
1 0.666667 0.0638376 0.989503 0.119938 0.0464486 0.0696252 0.98539 0.992671
1 1 0.588227 0.548935 0.567902 0.552917 0.610124 0.525336 0.579948
