0 0 0 0 -nan 0 0 0 0
0 0.1 0.78815 0.10634 0.187396 0.747687 0.78815 0.0703362 0.262541
0 0.2 0.78815 0.10634 0.187396 0.779911 0.78815 0.0845033 0.209887
0 0.3 0.78815 0.10634 0.187396 0.783938 0.78815 0.0886576 0.197534
0 0.4 0.78815 0.10634 0.187396 0.785749 0.78815 0.0912356 0.19335
0 0.5 0.78815 0.10634 0.187396 0.786658 0.78815 0.0927734 0.191023
0 0.6 0.78815 0.10634 0.187396 0.787008 0.78815 0.093473 0.189013
0 0.7 0.78815 0.10634 0.187396 0.787256 0.78815 0.09481 0.188666
0 0.8 0.78815 0.10634 0.187396 0.787457 0.78815 0.0979816 0.186241
0 0.9 0.78815 0.10634 0.187396 0.787574 0.78815 0.0990791 0.185023
0 1 0.78815 0.10634 0.187396 0.787657 0.78815 0.0991701 0.182847
0.1 0 0.0302864 1 0.0587923 0.0175216 0.0673595 0.929821 1
0.1 0.1 0.588227 0.548935 0.567902 0.169484 0.707674 0.326409 0.895492
0.1 0.2 0.779795 0.249475 0.378014 0.750339 0.785743 0.145409 0.313626
0.1 0.3 0.786405 0.211398 0.333221 0.778894 0.787621 0.122449 0.231593
0.1 0.4 0.787684 0.194384 0.311817 0.782938 0.788027 0.11056 0.217905
0.1 0.5 0.787858 0.191119 0.307616 0.78543 0.788135 0.106604 0.202248
0.1 0.6 0.788032 0.185699 0.30057 0.786375 0.788135 0.104029 0.197086
0.1 0.7 0.788045 0.185166 0.299872 0.786859 0.78815 0.100577 0.193899
0.1 0.8 0.788117 0.181062 0.294472 0.787189 0.78815 0.101359 0.190443
0.1 0.9 0.788131 0.180129 0.293238 0.78733 0.78815 0.101083 0.18951
0.1 1 0.788131 0.180129 0.293238 0.787526 0.78815 0.101927 0.187982
0.2 0 0.0302864 1 0.0587923 0.0175247 0.0412461 0.984259 1
0.2 0.1 0.03538 0.999362 0.0683406 0.019751 0.0726265 0.960304 0.999724
0.2 0.2 0.588227 0.548935 0.567902 0.344673 0.669538 0.429841 0.761744
0.2 0.3 0.755586 0.32138 0.450952 0.73702 0.767608 0.255018 0.346093
0.2 0.4 0.779795 0.249475 0.378014 0.768514 0.782251 0.199243 0.279321
0.2 0.5 0.785103 0.221121 0.345058 0.778882 0.786566 0.168237 0.244275
0.2 0.6 0.786405 0.211398 0.333221 0.783795 0.786964 0.157014 0.221709
0.2 0.7 0.786619 0.209257 0.330575 0.784962 0.787601 0.144662 0.215445
0.2 0.8 0.787684 0.194384 0.311817 0.786058 0.787941 0.137387 0.207539
0.2 0.9 0.787858 0.191119 0.307616 0.78662 0.787955 0.133469 0.201206
0.2 1 0.787858 0.191119 0.307616 0.787095 0.788079 0.127237 0.195884
0.3 0 0.0302864 1 0.0587923 0.0175247 0.0360415 0.993993 1
0.3 0.1 0.0336061 0.999704 0.0650263 0.0175247 0.0447929 0.987782 1
0.3 0.2 0.0638376 0.989503 0.119938 0.034701 0.0927653 0.959923 0.995892
0.3 0.3 0.588227 0.548935 0.567902 0.424199 0.65287 0.463982 0.694895
0.3 0.4 0.731569 0.367547 0.489277 0.702765 0.750679 0.314432 0.408016
0.3 0.5 0.765559 0.296384 0.427329 0.755284 0.772369 0.256636 0.316723
0.3 0.6 0.779795 0.249475 0.378014 0.772677 0.780802 0.221248 0.26952
0.3 0.7 0.781817 0.239813 0.367041 0.779528 0.785367 0.191851 0.245034
0.3 0.8 0.785814 0.216146 0.339037 0.783553 0.786511 0.180915 0.224819
0.3 0.9 0.786405 0.211398 0.333221 0.784954 0.786703 0.175712 0.217748
0.3 1 0.786619 0.209257 0.330575 0.785519 0.787399 0.165683 0.214515
0.4 0 0.0302864 1 0.0587923 0.0175265 0.0334052 0.997273 1
0.4 0.1 0.0302864 1 0.0587923 0.0175265 0.0389558 0.994466 1
0.4 0.2 0.03538 0.999362 0.0683406 0.0203807 0.0540257 0.987018 0.999724
0.4 0.3 0.0867086 0.977697 0.15929 0.0547074 0.115907 0.951139 0.987936
0.4 0.4 0.588227 0.548935 0.567902 0.477616 0.637294 0.488761 0.647535
0.4 0.5 0.712103 0.400693 0.512825 0.687612 0.721282 0.374201 0.431099
0.4 0.6 0.755586 0.32138 0.450952 0.74842 0.761599 0.295624 0.331758
0.4 0.7 0.769056 0.286201 0.417158 0.762355 0.774678 0.254856 0.300438
0.4 0.8 0.779795 0.249475 0.378014 0.775007 0.780424 0.232147 0.263306
0.4 0.9 0.781715 0.240346 0.367653 0.779267 0.783189 0.21653 0.247626
0.4 1 0.785103 0.221121 0.345058 0.782442 0.785636 0.200184 0.232506
0.5 0 0.0302864 1 0.0587923 0.0175301 0.0325882 0.998333 1
0.5 0.1 0.0302864 1 0.0587923 0.0175265 0.0332935 0.997514 1
0.5 0.2 0.0339876 0.999657 0.06574 0.0202217 0.0407603 0.994945 0.999724
0.5 0.3 0.0502437 0.995139 0.0956577 0.0351314 0.0638708 0.984669 0.996005
0.5 0.4 0.111269 0.962773 0.199483 0.0826688 0.133926 0.941259 0.97331
0.5 0.5 0.588227 0.548935 0.567902 0.503994 0.631386 0.499101 0.623908
0.5 0.6 0.695295 0.425717 0.528092 0.672056 0.711072 0.395798 0.452744
0.5 0.7 0.750277 0.332444 0.460738 0.734024 0.755218 0.314915 0.359256
0.5 0.8 0.761384 0.30757 0.438146 0.755812 0.76491 0.290234 0.31723
0.5 0.9 0.771686 0.277905 0.408646 0.766622 0.777337 0.24958 0.290071
0.5 1 0.779795 0.249475 0.378014 0.775328 0.780277 0.237191 0.262967
0.6 0 0.0302864 1 0.0587923 0.0175301 0.0318245 0.999105 1
0.6 0.1 0.0302864 1 0.0587923 0.0175301 0.0325745 0.998392 1
0.6 0.2 0.0336061 0.999704 0.0650263 0.0176255 0.0372392 0.996999 1
0.6 0.3 0.03538 0.999362 0.0683406 0.0214537 0.0458863 0.993879 0.999704
0.6 0.4 0.0638376 0.989503 0.119938 0.0400731 0.0754348 0.980343 0.994526
0.6 0.5 0.139529 0.943662 0.243111 0.095205 0.166051 0.919856 0.966595
0.6 0.6 0.588227 0.548935 0.567902 0.525902 0.62358 0.508718 0.604051
0.6 0.7 0.682117 0.444327 0.538123 0.667588 0.697816 0.417467 0.458754
0.6 0.8 0.731569 0.367547 0.489277 0.718206 0.741582 0.344237 0.386958
0.6 0.9 0.755586 0.32138 0.450952 0.749751 0.761138 0.302965 0.330476
0.6 1 0.765559 0.296384 0.427329 0.759384 0.76948 0.278933 0.309493
0.7 0 0.0302864 1 0.0587923 0.0175319 0.0314204 0.999389 1
0.7 0.1 0.0302864 1 0.0587923 0.0175319 0.0319423 0.999134 1
0.7 0.2 0.0305792 0.99998 0.0593437 0.0175301 0.0357695 0.998332 1
0.7 0.3 0.0339876 0.999657 0.06574 0.0208756 0.0396323 0.996559 0.999724
0.7 0.4 0.049107 0.995526 0.0935971 0.0338081 0.0567726 0.990474 0.996628
0.7 0.5 0.0737188 0.984763 0.137169 0.0566213 0.0833738 0.976759 0.987771
0.7 0.6 0.171099 0.921055 0.288589 0.132731 0.190165 0.903374 0.941862
0.7 0.7 0.588227 0.548935 0.567902 0.529501 0.620198 0.513249 0.60105
0.7 0.8 0.678256 0.449486 0.540668 0.659289 0.686686 0.434629 0.46954
0.7 0.9 0.71511 0.395832 0.509592 0.707676 0.723066 0.378768 0.40418
0.7 1 0.752493 0.328059 0.456918 0.748757 0.75583 0.316872 0.332443
0.8 0 0.0302864 1 0.0587923 0.0175319 0.0311359 0.999544 1
0.8 0.1 0.0302864 1 0.0587923 0.0175319 0.0314204 0.999389 1
0.8 0.2 0.0302864 1 0.0587923 0.0175319 0.0321104 0.999068 1
0.8 0.3 0.0339876 0.999657 0.06574 0.0207283 0.0357349 0.998379 0.999724
0.8 0.4 0.03538 0.999362 0.0683406 0.0220171 0.0440513 0.995715 0.999704
0.8 0.5 0.0514616 0.994679 0.0978602 0.0377751 0.0616701 0.988395 0.995581
0.8 0.6 0.0867086 0.977697 0.15929 0.0678385 0.0954346 0.970334 0.982451
0.8 0.7 0.186762 0.909253 0.309875 0.161631 0.219048 0.881329 0.921629
0.8 0.8 0.588227 0.548935 0.567902 0.546368 0.617591 0.516889 0.585369
0.8 0.9 0.671212 0.458494 0.544826 0.658456 0.683235 0.440495 0.470606
0.8 1 0.712103 0.400693 0.512825 0.700563 0.714533 0.394126 0.414973
0.9 0 0.0302864 1 0.0587923 0.0175319 0.0310873 0.999602 1
0.9 0.1 0.0302864 1 0.0587923 0.0175319 0.031313 0.999524 1
0.9 0.2 0.0302864 1 0.0587923 0.0175319 0.0316381 0.999361 1
0.9 0.3 0.0336061 0.999704 0.0650263 0.0206371 0.0352285 0.998757 0.999724
0.9 0.4 0.0339876 0.999657 0.06574 0.0216179 0.0381594 0.997768 0.999704
0.9 0.5 0.0469732 0.996197 0.0897161 0.0310826 0.0529911 0.993097 0.997561
0.9 0.6 0.0638376 0.989503 0.119938 0.0454336 0.0699988 0.984864 0.992909
0.9 0.7 0.10114 0.969135 0.183165 0.0768748 0.112609 0.960133 0.97799
0.9 0.8 0.217572 0.885213 0.349293 0.17227 0.249145 0.857677 0.914224
0.9 0.9 0.588227 0.548935 0.567902 0.548203 0.610279 0.524825 0.584092
0.9 1 0.666629 0.464212 0.547305 0.656259 0.675982 0.450578 0.473382
1 0 0.0302864 1 0.0587923 0.0175319 0.0310118 0.999671 1
1 0.1 0.0302864 1 0.0587923 0.0175319 0.0310873 0.999602 1
1 0.2 0.0302864 1 0.0587923 0.0175319 0.031313 0.999517 1
1 0.3 0.0305792 0.99998 0.0593437 0.0176774 0.0348259 0.999019 1
1 0.4 0.0339876 0.999657 0.06574 0.0213265 0.0354495 0.998677 0.999724
1 0.5 0.03538 0.999362 0.0683406 0.0238349 0.0435356 0.996325 0.999409
1 0.6 0.0502437 0.995139 0.0956577 0.0383511 0.0560121 0.991895 0.995581
1 0.7 0.0726856 0.985275 0.135384 0.0525301 0.0806121 0.979779 0.99026
1 0.8 0.111269 0.962773 0.199483 0.0889411 0.123776 0.952931 0.971266
1 0.9 0.246201 0.862228 0.383032 0.206409 0.268012 0.842574 0.888277
1 1 0.588227 0.548935 0.567902 0.552917 0.610124 0.525336 0.579948
